============================================================

         Resultados del SCF 
(Todos los resultados estan en unidades atomicas)

============================================================
 
Numero de Orbitales Atomicos (nao):  9
-------------------------------------------

converged SCF energy = -39.7268091715449

--------------------------
Molecular Energies: (moe) 
--------------------------

[-11.03003411  -0.91001199  -0.51890451  -0.51890451  -0.51890451
   0.71564364   0.71564364   0.71564364   0.75495843]

-------------------------------
Molecular coeficients: (cmos)
-------------------------------
Orb moleculares en columnas,  \psi_a en la columna a

[[ 0.9919 -0.2213  0.      0.     -0.     -0.     -0.     -0.     -0.252 ]
 [ 0.0382  0.6287  0.     -0.      0.      0.      0.      0.      1.6223]
 [-0.      0.     -0.3535  0.0098 -0.4489  0.2726  0.9443  0.5019 -0.    ]
 [ 0.      0.      0.1376  0.5462 -0.0964  0.0595 -0.5306  0.9658 -0.    ]
 [-0.     -0.     -0.4274  0.1677  0.3402  1.0677 -0.2115 -0.182   0.    ]
 [-0.007   0.1807 -0.3391  0.3815 -0.1081 -0.7765 -0.1122 -0.7132 -0.665 ]
 [-0.007   0.1807 -0.0336 -0.3711 -0.3652  0.4741 -0.9354  0.1564 -0.665 ]
 [-0.007   0.1807  0.4842  0.1943  0.0065  0.7105  0.7008 -0.3583 -0.665 ]
 [-0.007   0.1807 -0.1115 -0.2047  0.4668 -0.4081  0.3468  0.9151 -0.665 ]]

La base atomica esta ordenada segun el orden en que declaraste los atomos, linea #25

============================================================

         Seccion de Integrales 

============================================================

-------------------------
 Overlap, overlap: (9, 9)
-------------------------
[[ 1.       0.24836  0.       0.       0.       0.06271  0.06271  0.06271
   0.06271]
 [ 0.24836  1.       0.       0.       0.       0.49246  0.49246  0.49246
   0.49246]
 [ 0.       0.       1.       0.       0.       0.27037  0.27037 -0.27037
  -0.27037]
 [ 0.       0.       0.       1.       0.       0.27037 -0.27037  0.27037
  -0.27037]
 [ 0.       0.       0.       0.       1.       0.27037 -0.27037 -0.27037
   0.27037]
 [ 0.06271  0.49246  0.27037  0.27037  0.27037  1.       0.17054  0.17054
   0.17054]
 [ 0.06271  0.49246  0.27037 -0.27037 -0.27037  0.17054  1.       0.17054
   0.17054]
 [ 0.06271  0.49246 -0.27037  0.27037 -0.27037  0.17054  0.17054  1.
   0.17054]
 [ 0.06271  0.49246 -0.27037 -0.27037  0.27037  0.17054  0.17054  0.17054
   1.     ]]

---------------------------------
 Density Matrix P, P: (9, 9)
--------------------------------- 
[[ 1.0964  -0.51     0.       0.       0.       0.12067  0.12067  0.12067
   0.12067]
 [-0.51     3.02853 -0.      -0.      -0.      -0.96549 -0.96549 -0.96549
  -0.96549]
 [ 0.      -0.       1.54443  0.      -0.      -0.50342 -0.50342  0.50342
   0.50342]
 [ 0.      -0.       0.       1.54443  0.      -0.50342  0.50342 -0.50342
   0.50342]
 [ 0.      -0.      -0.       0.       1.54443 -0.50342  0.50342  0.50342
  -0.50342]
 [ 0.12067 -0.96549 -0.50342 -0.50342 -0.50342  1.8714   0.00943  0.00943
   0.00943]
 [ 0.12067 -0.96549 -0.50342  0.50342  0.50342  0.00943  1.8714   0.00943
   0.00943]
 [ 0.12067 -0.96549  0.50342 -0.50342  0.50342  0.00943  0.00943  1.8714
   0.00943]
 [ 0.12067 -0.96549  0.50342  0.50342 -0.50342  0.00943  0.00943  0.00943
   1.8714 ]]

------------------------------------
   Dipole Integrals
------------------------------------

X Dipole
----------
[[ 0.      0.      0.0719  0.      0.      0.0048  0.0048 -0.0048 -0.0048]
 [ 0.      0.      0.8387  0.      0.      0.3064  0.3064 -0.3064 -0.3064]
 [ 0.0719  0.8387  0.      0.      0.      0.5187  0.5187  0.5187  0.5187]
 [ 0.      0.      0.      0.      0.      0.1639 -0.1639 -0.1639  0.1639]
 [ 0.      0.      0.      0.      0.      0.1639 -0.1639  0.1639 -0.1639]
 [ 0.0048  0.3064  0.5187  0.1639  0.1639  1.186   0.2023 -0.     -0.    ]
 [ 0.0048  0.3064  0.5187 -0.1639 -0.1639  0.2023  1.186  -0.     -0.    ]
 [-0.0048 -0.3064  0.5187 -0.1639  0.1639  0.      0.     -1.186  -0.2023]
 [-0.0048 -0.3064  0.5187  0.1639 -0.1639  0.      0.     -0.2023 -1.186 ]]

---------------------------------------
Y Dipole
----------
[[ 0.      0.      0.      0.0719  0.      0.0048 -0.0048  0.0048 -0.0048]
 [ 0.      0.      0.      0.8387  0.      0.3064 -0.3064  0.3064 -0.3064]
 [ 0.      0.      0.      0.      0.      0.1639 -0.1639 -0.1639  0.1639]
 [ 0.0719  0.8387  0.      0.      0.      0.5187  0.5187  0.5187  0.5187]
 [ 0.      0.      0.      0.      0.      0.1639  0.1639 -0.1639 -0.1639]
 [ 0.0048  0.3064  0.1639  0.5187  0.1639  1.186  -0.      0.2023 -0.    ]
 [-0.0048 -0.3064 -0.1639  0.5187  0.1639  0.     -1.186   0.     -0.2023]
 [ 0.0048  0.3064 -0.1639  0.5187 -0.1639  0.2023 -0.      1.186  -0.    ]
 [-0.0048 -0.3064  0.1639  0.5187 -0.1639  0.     -0.2023  0.     -1.186 ]]

---------------------------------------
Z Dipole
----------
[[ 0.      0.      0.      0.      0.0719  0.0048 -0.0048 -0.0048  0.0048]
 [ 0.      0.      0.      0.      0.8387  0.3064 -0.3064 -0.3064  0.3064]
 [ 0.      0.      0.      0.      0.      0.1639 -0.1639  0.1639 -0.1639]
 [ 0.      0.      0.      0.      0.      0.1639  0.1639 -0.1639 -0.1639]
 [ 0.0719  0.8387  0.      0.      0.      0.5187  0.5187  0.5187  0.5187]
 [ 0.0048  0.3064  0.1639  0.1639  0.5187  1.186  -0.     -0.      0.2023]
 [-0.0048 -0.3064 -0.1639  0.1639  0.5187  0.     -1.186  -0.2023  0.    ]
 [-0.0048 -0.3064  0.1639 -0.1639  0.5187  0.     -0.2023 -1.186   0.    ]
 [ 0.0048  0.3064 -0.1639 -0.1639  0.5187  0.2023 -0.     -0.      1.186 ]]


============================================================
           End 
============================================================