============================================================

         Resultados del SCF 
(Todos los resultados estan en unidades atomicas)

============================================================
 
Numero de Orbitales Atomicos (nao):  10
-------------------------------------------

converged SCF energy = -147.551127367592

--------------------------
Molecular Energies: (moe) 
--------------------------

[-20.4254 -20.4248  -1.5545  -0.9928  -0.6423  -0.5822  -0.5188  -0.3305  0.1886   0.7337]

-------------------------------
Molecular coeficients: (cmos)
-------------------------------
Orb moleculares en columnas,  \psi_a en la columna a

[[-0.703   0.7037 -0.1692 -0.1852 -0.     -0.0657  0.      0.      0.      -0.0944]
 [-0.0197  0.0127  0.5741  0.7762  0.      0.3303 -0.     -0.     -0.       0.5819]
 [-0.0056  0.0001  0.1716 -0.1581 -0.     -0.6151  0.      0.      0.       0.9447]
 [ 0.      0.     -0.      0.      0.6454 -0.      0.1317  0.7525  0.1535   0.    ]
 [-0.     -0.     -0.      0.     -0.1317  0.      0.6454 -0.1535  0.7525   0.    ]
 [ 0.703   0.7037 -0.1692  0.1852 -0.     -0.0657  0.     -0.     -0.       0.0944]
 [ 0.0197  0.0127  0.5741 -0.7762  0.      0.3303 -0.      0.      0.      -0.5819]
 [-0.0056 -0.0001 -0.1716 -0.1581  0.      0.6151 -0.     -0.     -0.       0.9447]
 [ 0.     -0.      0.      0.      0.6454 -0.      0.1317 -0.7525 -0.1535  -0.    ]
 [ 0.      0.     -0.      0.     -0.1317  0.      0.6454  0.1535 -0.7525  -0.    ]]

La base atomica esta ordenada segun el orden en que declaraste los atomos, linea #25

============================================================

         Seccion de Integrales 

============================================================

-------------------------
 Overlap, overlap: (10, 10)
-------------------------
[[ 1.       0.2367   0.       0.       0.       0.       0.02284 -0.03857  0.       0.     ]
 [ 0.2367   1.       0.       0.       0.       0.02284  0.2811  -0.32163  0.       0.     ]
 [ 0.       0.       1.       0.       0.       0.03857  0.32163 -0.30763  0.       0.     ]
 [ 0.       0.       0.       1.       0.       0.       0.       0.       0.15225  0.     ]
 [ 0.       0.       0.       0.       1.       0.       0.       0.       0.       0.15225]
 [ 0.       0.02284  0.03857  0.       0.       1.       0.2367   0.       0.       0.     ]
 [ 0.02284  0.2811   0.32163  0.       0.       0.2367   1.       0.       0.       0.     ]
 [-0.03857 -0.32163 -0.30763  0.       0.       0.       0.       1.       0.       0.     ]
 [ 0.       0.       0.       0.15225  0.       0.       0.       0.       1.       0.     ]
 [ 0.       0.       0.       0.       0.15225  0.       0.       0.       0.       1.     ]]

---------------------------------
 Density Matrix P, P: (10, 10)
--------------------------------- 
[[ 1.06546 -0.29475 -0.04451  0.       0.      -0.00931  0.07504 -0.06739 -0.       0.     ]
 [-0.29475  1.38042  0.3224  -0.       0.       0.07504 -0.50275  0.53179  0.      -0.     ]
 [-0.04451  0.3224   1.32522  0.      -0.       0.06739 -0.53179  0.50965 -0.       0.     ]
 [ 0.      -0.       0.       1.02373 -0.      -0.      -0.      -0.      -0.15587  0.     ]
 [ 0.       0.      -0.      -0.       1.02373 -0.       0.       0.       0.      -0.15587]
 [-0.00931  0.07504  0.06739 -0.      -0.       1.06546 -0.29475  0.04451  0.       0.     ]
 [ 0.07504 -0.50275 -0.53179 -0.       0.      -0.29475  1.38042 -0.3224  -0.       0.     ]
 [-0.06739  0.53179  0.50965 -0.       0.       0.04451 -0.3224   1.32522 -0.       0.     ]
 [-0.       0.      -0.      -0.15587  0.       0.      -0.      -0.       1.02373 -0.     ]
 [ 0.      -0.       0.       0.      -0.15587  0.       0.       0.      -0.       1.02373]]

------------------------------------
   Dipole Integrals
------------------------------------

X Dipole
----------
[[ 0.      0.      0.0508  0.      0.      0.      0.0024 -0.0037  0.      0.    ]
 [ 0.      0.      0.6412  0.      0.      0.0498  0.3208 -0.2431  0.      0.    ]
 [ 0.0508  0.6412  0.      0.      0.      0.0843  0.4911 -0.3511  0.      0.    ]
 [ 0.      0.      0.      0.      0.      0.      0.      0.      0.1738  0.    ]
 [ 0.      0.      0.      0.      0.      0.      0.      0.      0.      0.1738]
 [ 0.      0.0498  0.0843  0.      0.      2.2828  0.5403  0.0508  0.      0.    ]
 [ 0.0024  0.3208  0.4911  0.      0.      0.5403  2.2828  0.6412  0.      0.    ]
 [-0.0037 -0.2431 -0.3511  0.      0.      0.0508  0.6412  2.2828  0.      0.    ]
 [ 0.      0.      0.      0.1738  0.      0.      0.      0.      2.2828  0.    ]
 [ 0.      0.      0.      0.      0.1738  0.      0.      0.      0.      2.2828]]

---------------------------------------
Y Dipole
----------
[[ 0.      0.      0.      0.0508  0.      0.      0.      0.      0.001   0.    ]
 [ 0.      0.      0.      0.6412  0.      0.      0.      0.      0.1546  0.    ]
 [ 0.      0.      0.      0.      0.      0.      0.      0.      0.1738  0.    ]
 [ 0.0508  0.6412  0.      0.      0.      0.001   0.1546 -0.1738  0.      0.    ]
 [ 0.      0.      0.      0.      0.      0.      0.      0.      0.      0.    ]
 [ 0.      0.      0.      0.001   0.      0.      0.      0.      0.0508  0.    ]
 [ 0.      0.      0.      0.1546  0.      0.      0.      0.      0.6412  0.    ]
 [ 0.      0.      0.     -0.1738  0.      0.      0.      0.      0.      0.    ]
 [ 0.001   0.1546  0.1738  0.      0.      0.0508  0.6412  0.      0.      0.    ]
 [ 0.      0.      0.      0.      0.      0.      0.      0.      0.      0.    ]]

---------------------------------------
Z Dipole
----------
[[ 0.      0.      0.      0.      0.0508  0.      0.      0.      0.      0.001 ]
 [ 0.      0.      0.      0.      0.6412  0.      0.      0.      0.      0.1546]
 [ 0.      0.      0.      0.      0.      0.      0.      0.      0.      0.1738]
 [ 0.      0.      0.      0.      0.      0.      0.      0.      0.      0.    ]
 [ 0.0508  0.6412  0.      0.      0.      0.001   0.1546 -0.1738  0.      0.    ]
 [ 0.      0.      0.      0.      0.001   0.      0.      0.      0.      0.0508]
 [ 0.      0.      0.      0.      0.1546  0.      0.      0.      0.      0.6412]
 [ 0.      0.      0.      0.     -0.1738  0.      0.      0.      0.      0.    ]
 [ 0.      0.      0.      0.      0.      0.      0.      0.      0.      0.    ]
 [ 0.001   0.1546  0.1738  0.      0.      0.0508  0.6412  0.      0.      0.    ]]

